00 00 00 00  00 00 00 00  SPACE

7CC6CEDE F6E67C00  0
30703030 3030FC00  1
78CC0C38 60CCFC00  2
78CC0C38 0CCC7800  3
1C3C6CCC FE0C1E00  4
FCC0F80C 0CCC7800  5
3860C0F8 CCCC7800  6
FCCC0C18 30303000  7
78CCCC78 CCCC7800  8
78CCCC7C 0C187000  9


00110000 01111000 11001100 11001100 11111100 11001100 11001100 00000000 A
11111100 01100110 01100110 01111100 01100110 01100110 11111100 00000000 B
00111100 01100110 11000000 11000000 11000000 01100110 00111100 00000000 C
11111000 01101100 01100110 01100110 01100110 01101100 11111000 00000000 D
11111110 01100010 01101000 01111000 01101000 01100010 11111110 00000000 E
11111110 01100010 01101000 01111000 01101000 01100000 11110000 00000000 F
00111100 01100110 11000000 11000000 11001110 01100110 00111110 00000000 G
11001100 11001100 11001100 11111100 11001100 11001100 11001100 00000000 H
01111000 00110000 00110000 00110000 00110000 00110000 01111000 00000000 I
00011110 00001100 00001100 00001100 11001100 11001100 01111000 00000000 J
11100110 01100110 01101100 01111000 01101100 01100110 11100110 00000000 K
11110000 01100000 01100000 01100000 01100010 01100110 11111110 00000000 L
11000110 11101110 11111110 11111110 11010110 11000110 11000110 00000000 M
11000110 11100110 11110110 11011110 11001110 11000110 11000110 00000000 N
00111000 01101100 11000110 11000110 11000110 01101100 00111000 00000000 O
11111100 01100110 01100110 01111100 01100000 01100000 11110000 00000000 P
01111000 11001100 11001100 11001100 11011100 01111000 00011100 00000000 Q
11111100 01100110 01100110 01111100 01101100 01100110 11100110 00000000 R
01111000 11001100 11100000 01110000 00011100 11001100 01111000 00000000 S
11111100 10110100 00110000 00110000 00110000 00110000 01111000 00000000 T
11001100 11001100 11001100 11001100 11001100 11001100 11111100 00000000 U
11001100 11001100 11001100 11001100 11001100 01111000 00110000 00000000 V
11000110 11000110 11000110 11010110 11111110 11101110 11000110 00000000 W
11000110 11000110 01101100 00111000 00111000 01101100 11000110 00000000 X
11001100 11001100 11001100 01111000 00110000 00110000 01111000 00000000 Y
11111110 11000110 10001100 00011000 00110010 01100110 11111110 00000000 Z


3078CCCC FCCCCC00
FC66667C 6666FC00
3C66C0C0 C0663C00
F86C6666 666CF800
FE626878 6862FE00
FE626878 6860F000
3C66C0C0 CE663E00
CCCCCCFC CCCCCC00
78303030 30307800
1E0C0C0C CCCC7800
E6666C78 6C66E600
F0606060 6266FE00
C6EEFEFE D6C6C600
C6E6F6DE CEC6C600
386CC6C6 C66C3800
FC66667C 6060F000
78CCCCCC DC781C00
FC66667C 6C66E600
78CCE070 1CCC7800
FCB43030 30307800
CCCCCCCC CCCCFC00
CCCCCCCC CC783000
C6C6C6D6 FEEEC600
C6C66C38 386CC600
CCCCCC78 30307800
FEC68C18 3266FE00